Layers - (16, 16, 16)
Iterations - 165
Score - 0.9371
Classification report
              precision    recall  f1-score   support

           0       0.98      0.98      0.98       178
           1       0.94      0.94      0.94       182
           2       0.98      0.93      0.95       177
           3       0.92      0.92      0.92       183
           4       0.94      0.97      0.95       181
           5       0.95      0.97      0.96       182
           6       0.98      0.98      0.98       181
           7       0.98      0.91      0.94       179
           8       0.88      0.88      0.88       174
           9       0.83      0.89      0.86       180

    accuracy                           0.94      1797
   macro avg       0.94      0.94      0.94      1797
weighted avg       0.94      0.94      0.94      1797
