Layers - (19, 19, 19)
Iterations - 127
Score - 0.9538
Classification report
              precision    recall  f1-score   support

           0       0.98      0.98      0.98       178
           1       0.93      0.97      0.95       182
           2       0.94      0.94      0.94       177
           3       0.97      0.92      0.94       183
           4       0.97      0.97      0.97       181
           5       0.96      0.98      0.97       182
           6       0.99      0.98      0.99       181
           7       0.99      0.97      0.98       179
           8       0.86      0.87      0.87       174
           9       0.93      0.96      0.95       180

    accuracy                           0.95      1797
   macro avg       0.95      0.95      0.95      1797
weighted avg       0.95      0.95      0.95      1797
