Layers - (11, 11, 11)
Iterations - 211
Score - 0.9444
Classification report
              precision    recall  f1-score   support

           0       0.99      0.99      0.99       178
           1       0.92      0.96      0.94       182
           2       0.98      0.94      0.96       177
           3       0.98      0.93      0.96       183
           4       0.93      0.96      0.94       181
           5       0.92      0.96      0.94       182
           6       0.98      0.98      0.98       181
           7       0.98      0.89      0.93       179
           8       0.92      0.90      0.91       174
           9       0.87      0.93      0.90       180

    accuracy                           0.94      1797
   macro avg       0.95      0.94      0.94      1797
weighted avg       0.95      0.94      0.94      1797
