Layers - (15, 15, 15)
Iterations - 169
Score - 0.9438
Classification report
              precision    recall  f1-score   support

           0       0.99      0.97      0.98       178
           1       0.91      0.97      0.94       182
           2       0.99      0.95      0.97       177
           3       0.98      0.91      0.94       183
           4       0.97      0.98      0.98       181
           5       0.89      0.98      0.93       182
           6       0.96      0.95      0.95       181
           7       0.98      0.92      0.95       179
           8       0.89      0.87      0.88       174
           9       0.89      0.93      0.91       180

    accuracy                           0.94      1797
   macro avg       0.95      0.94      0.94      1797
weighted avg       0.95      0.94      0.94      1797
