Layers - (10, 10, 10)
Iterations - 276
Score - 0.9232
Classification report
              precision    recall  f1-score   support

           0       0.97      0.96      0.97       178
           1       0.92      0.92      0.92       182
           2       0.97      0.92      0.94       177
           3       0.95      0.86      0.90       183
           4       0.98      0.95      0.96       181
           5       0.87      0.95      0.91       182
           6       0.96      0.98      0.97       181
           7       0.99      0.88      0.93       179
           8       0.84      0.86      0.85       174
           9       0.82      0.94      0.88       180

    accuracy                           0.92      1797
   macro avg       0.93      0.92      0.92      1797
weighted avg       0.93      0.92      0.92      1797
