Layers - (12, 12, 12)
Iterations - 181
Score - 0.9444
Classification report
              precision    recall  f1-score   support

           0       0.96      0.98      0.97       178
           1       0.92      0.93      0.93       182
           2       0.99      0.94      0.97       177
           3       0.98      0.94      0.96       183
           4       0.95      0.97      0.96       181
           5       0.93      0.98      0.96       182
           6       0.97      0.98      0.97       181
           7       0.99      0.89      0.94       179
           8       0.88      0.90      0.89       174
           9       0.89      0.92      0.91       180

    accuracy                           0.94      1797
   macro avg       0.95      0.94      0.94      1797
weighted avg       0.95      0.94      0.94      1797
