Layers - (18, 18, 18)
Iterations - 135
Score - 0.9505
Classification report
              precision    recall  f1-score   support

           0       0.98      1.00      0.99       178
           1       0.93      0.99      0.96       182
           2       0.97      0.96      0.97       177
           3       0.96      0.91      0.94       183
           4       0.96      0.97      0.96       181
           5       0.89      0.98      0.93       182
           6       0.99      0.99      0.99       181
           7       0.99      0.89      0.94       179
           8       0.92      0.90      0.91       174
           9       0.91      0.91      0.91       180

    accuracy                           0.95      1797
   macro avg       0.95      0.95      0.95      1797
weighted avg       0.95      0.95      0.95      1797
