Layers - (13, 13, 13)
Iterations - 168
Score - 0.9382
Classification report
              precision    recall  f1-score   support

           0       0.99      0.99      0.99       178
           1       0.94      0.96      0.95       182
           2       0.98      0.95      0.97       177
           3       0.97      0.91      0.94       183
           4       0.94      0.96      0.95       181
           5       0.93      0.96      0.95       182
           6       0.96      0.97      0.96       181
           7       0.96      0.89      0.93       179
           8       0.87      0.88      0.88       174
           9       0.85      0.91      0.88       180

    accuracy                           0.94      1797
   macro avg       0.94      0.94      0.94      1797
weighted avg       0.94      0.94      0.94      1797
