Layers - (20, 20, 20)
Iterations - 115
Score - 0.9521
Classification report
              precision    recall  f1-score   support

           0       1.00      0.99      0.99       178
           1       0.95      0.99      0.97       182
           2       0.98      0.92      0.94       177
           3       0.93      0.92      0.93       183
           4       0.94      0.97      0.96       181
           5       0.92      0.97      0.95       182
           6       0.99      0.99      0.99       181
           7       0.99      0.92      0.95       179
           8       0.93      0.90      0.91       174
           9       0.90      0.95      0.93       180

    accuracy                           0.95      1797
   macro avg       0.95      0.95      0.95      1797
weighted avg       0.95      0.95      0.95      1797
