Layers - (13, 13, 13, 13)
Iterations - 158
Score - 0.9405
Classification report
              precision    recall  f1-score   support

           0       0.99      0.97      0.98       178
           1       0.88      0.94      0.91       182
           2       0.98      0.94      0.96       177
           3       0.94      0.90      0.92       183
           4       0.95      0.98      0.97       181
           5       0.92      0.96      0.94       182
           6       0.97      0.98      0.98       181
           7       0.98      0.91      0.94       179
           8       0.89      0.88      0.88       174
           9       0.91      0.94      0.93       180

    accuracy                           0.94      1797
   macro avg       0.94      0.94      0.94      1797
weighted avg       0.94      0.94      0.94      1797
