Layers - (14, 14, 14, 14)
Iterations - 195
Score - 0.9482
Classification report
              precision    recall  f1-score   support

           0       0.97      0.97      0.97       178
           1       0.94      0.99      0.97       182
           2       0.96      0.94      0.95       177
           3       0.94      0.92      0.93       183
           4       0.95      0.97      0.96       181
           5       0.93      0.95      0.94       182
           6       0.98      0.97      0.98       181
           7       0.97      0.93      0.95       179
           8       0.94      0.89      0.91       174
           9       0.91      0.95      0.93       180

    accuracy                           0.95      1797
   macro avg       0.95      0.95      0.95      1797
weighted avg       0.95      0.95      0.95      1797
