Layers - (10, 10, 10, 10)
Iterations - 277
Score - 0.9271
Classification report
              precision    recall  f1-score   support

           0       0.97      0.98      0.97       178
           1       0.90      0.93      0.92       182
           2       0.93      0.93      0.93       177
           3       0.93      0.91      0.92       183
           4       0.96      0.96      0.96       181
           5       0.92      0.95      0.94       182
           6       0.99      0.98      0.99       181
           7       0.97      0.87      0.92       179
           8       0.89      0.84      0.86       174
           9       0.83      0.93      0.87       180

    accuracy                           0.93      1797
   macro avg       0.93      0.93      0.93      1797
weighted avg       0.93      0.93      0.93      1797
