Layers - (15, 15, 15, 15)
Iterations - 167
Score - 0.9427
Classification report
              precision    recall  f1-score   support

           0       0.97      0.99      0.98       178
           1       0.93      0.98      0.95       182
           2       0.94      0.92      0.93       177
           3       0.95      0.90      0.92       183
           4       0.95      0.98      0.96       181
           5       0.91      0.96      0.94       182
           6       0.97      0.97      0.97       181
           7       0.98      0.92      0.95       179
           8       0.90      0.87      0.89       174
           9       0.93      0.94      0.93       180

    accuracy                           0.94      1797
   macro avg       0.94      0.94      0.94      1797
weighted avg       0.94      0.94      0.94      1797
