Layers - (12, 12, 12, 12)
Iterations - 196
Score - 0.9388
Classification report
              precision    recall  f1-score   support

           0       0.98      0.99      0.99       178
           1       0.90      0.96      0.93       182
           2       0.97      0.94      0.96       177
           3       0.93      0.90      0.91       183
           4       0.95      0.97      0.96       181
           5       0.88      0.95      0.92       182
           6       0.98      0.97      0.98       181
           7       0.97      0.94      0.95       179
           8       0.91      0.83      0.87       174
           9       0.92      0.93      0.92       180

    accuracy                           0.94      1797
   macro avg       0.94      0.94      0.94      1797
weighted avg       0.94      0.94      0.94      1797
