Layers - (11, 11, 11, 11)
Iterations - 258
Score - 0.9232
Classification report
              precision    recall  f1-score   support

           0       0.95      0.97      0.96       178
           1       0.90      0.92      0.91       182
           2       0.94      0.96      0.95       177
           3       0.99      0.89      0.94       183
           4       0.91      0.95      0.93       181
           5       0.93      0.94      0.94       182
           6       0.98      0.97      0.97       181
           7       0.99      0.88      0.93       179
           8       0.89      0.83      0.86       174
           9       0.78      0.93      0.85       180

    accuracy                           0.92      1797
   macro avg       0.93      0.92      0.92      1797
weighted avg       0.93      0.92      0.92      1797
