Layers - (2, 2, 2, 2)
Iterations - 472
Score - 0.3105
Classification report
              precision    recall  f1-score   support

           0       0.31      0.89      0.46       178
           1       0.31      0.77      0.44       182
           2       0.39      0.33      0.36       177
           3       0.09      0.07      0.08       183
           4       0.13      0.03      0.05       181
           5       0.25      0.04      0.07       182
           6       0.40      0.78      0.53       181
           7       0.21      0.02      0.03       179
           8       0.00      0.00      0.00       174
           9       0.34      0.17      0.22       180

    accuracy                           0.31      1797
   macro avg       0.24      0.31      0.22      1797
weighted avg       0.24      0.31      0.22      1797
