Layers - (3, 3, 3, 3)
Iterations - 467
Score - 0.7212
Classification report
              precision    recall  f1-score   support

           0       0.95      0.90      0.93       178
           1       0.30      0.38      0.33       182
           2       0.66      0.57      0.61       177
           3       0.78      0.81      0.79       183
           4       0.91      0.93      0.92       181
           5       0.82      0.87      0.85       182
           6       0.89      0.91      0.90       181
           7       0.92      0.88      0.90       179
           8       0.58      0.67      0.62       174
           9       0.44      0.28      0.34       180

    accuracy                           0.72      1797
   macro avg       0.72      0.72      0.72      1797
weighted avg       0.72      0.72      0.72      1797
