Layers - (4, 4, 4, 4)
Iterations - 383
Score - 0.7713
Classification report
              precision    recall  f1-score   support

           0       0.95      0.96      0.95       178
           1       0.79      0.85      0.82       182
           2       0.91      0.75      0.82       177
           3       0.81      0.75      0.78       183
           4       0.65      0.96      0.77       181
           5       0.91      0.90      0.90       182
           6       0.75      0.77      0.76       181
           7       0.67      0.36      0.47       179
           8       0.58      0.64      0.61       174
           9       0.75      0.77      0.76       180

    accuracy                           0.77      1797
   macro avg       0.78      0.77      0.76      1797
weighted avg       0.78      0.77      0.77      1797
