Layers - (5, 5, 5, 5)
Iterations - 550
Score - 0.8915
Classification report
              precision    recall  f1-score   support

           0       0.94      0.92      0.93       178
           1       0.87      0.91      0.89       182
           2       0.96      0.89      0.92       177
           3       0.91      0.88      0.89       183
           4       0.95      0.93      0.94       181
           5       0.88      0.91      0.89       182
           6       0.90      0.96      0.93       181
           7       0.92      0.88      0.90       179
           8       0.81      0.79      0.80       174
           9       0.78      0.84      0.81       180

    accuracy                           0.89      1797
   macro avg       0.89      0.89      0.89      1797
weighted avg       0.89      0.89      0.89      1797
