Layers - (6, 6, 6, 6)
Iterations - 542
Score - 0.9054
Classification report
              precision    recall  f1-score   support

           0       0.99      0.94      0.97       178
           1       0.89      0.92      0.91       182
           2       0.89      0.90      0.89       177
           3       0.87      0.82      0.85       183
           4       0.93      0.96      0.94       181
           5       0.89      0.95      0.91       182
           6       0.95      0.96      0.95       181
           7       0.98      0.89      0.93       179
           8       0.85      0.84      0.84       174
           9       0.84      0.87      0.85       180

    accuracy                           0.91      1797
   macro avg       0.91      0.91      0.91      1797
weighted avg       0.91      0.91      0.91      1797
