Layers - (7, 7, 7, 7)
Iterations - 377
Score - 0.9037
Classification report
              precision    recall  f1-score   support

           0       0.97      0.97      0.97       178
           1       0.86      0.95      0.90       182
           2       0.93      0.88      0.91       177
           3       0.95      0.85      0.90       183
           4       0.91      0.96      0.94       181
           5       0.89      0.91      0.90       182
           6       0.94      0.94      0.94       181
           7       0.95      0.87      0.91       179
           8       0.83      0.83      0.83       174
           9       0.82      0.87      0.85       180

    accuracy                           0.90      1797
   macro avg       0.91      0.90      0.90      1797
weighted avg       0.91      0.90      0.90      1797
