Layers - (8, 8, 8, 8)
Iterations - 403
Score - 0.9154
Classification report
              precision    recall  f1-score   support

           0       0.97      0.97      0.97       178
           1       0.90      0.90      0.90       182
           2       0.89      0.92      0.90       177
           3       0.93      0.89      0.91       183
           4       0.93      0.96      0.94       181
           5       0.90      0.92      0.91       182
           6       0.97      0.94      0.96       181
           7       0.96      0.92      0.94       179
           8       0.87      0.85      0.86       174
           9       0.85      0.88      0.87       180

    accuracy                           0.92      1797
   macro avg       0.92      0.92      0.92      1797
weighted avg       0.92      0.92      0.92      1797
