Layers - (9, 9, 9, 9)
Iterations - 328
Score - 0.9037
Classification report
              precision    recall  f1-score   support

           0       0.99      0.95      0.97       178
           1       0.89      0.93      0.91       182
           2       0.91      0.92      0.91       177
           3       0.88      0.87      0.87       183
           4       0.92      0.96      0.94       181
           5       0.86      0.93      0.89       182
           6       0.95      0.97      0.96       181
           7       0.95      0.83      0.89       179
           8       0.86      0.79      0.82       174
           9       0.84      0.89      0.86       180

    accuracy                           0.90      1797
   macro avg       0.91      0.90      0.90      1797
weighted avg       0.91      0.90      0.90      1797
